1 1
2 2
3 3
4 4
5 5
6 6
7 7
8 8
9 9
10 10
11 11
12 12
13 11
14 12
15 13
16 14
17 15
18 16
19 17
20 18
21 19
22 20
23 21
24 22
25 23
26 24
27 25
28 26
29 25
30 26
31 25
32 26
33 27
34 28
35 29
36 30
37 29
38 29
39 30
40 31
41 30
42 31
43 32
44 31
45 30
46 29
47 30
48 29
49 30
50 29
51 30
52 31
53 32
54 31
55 30
56 31
57 32
58 33
59 32
60 31
61 32
62 33
63 32
64 33
65 32
66 31
67 30
68 31
69 30
70 31
71 32
72 31
73 32
74 33
75 34
76 35
77 34
78 33
79 32
80 31
81 30
82 29
83 30
84 31
85 30
86 29
87 30
88 29
89 30
90 29
91 28
92 27
93 28
94 29
95 28
96 29
97 30
98 29
99 28
100 29
101 30
102 31
103 32
104 33
105 34
106 35
107 36
108 35
109 34
110 33
111 32
112 33
113 34
114 35
115 35
116 36
117 37
118 36
119 37
120 38
121 37
122 38
123 39
124 40
125 41
126 41
127 40
128 41
129 42
130 41
131 42
132 41
133 42
134 41
135 40
136 41
137 40
138 39
139 40
140 41
141 40
142 41
143 42
144 43
145 44
146 45
147 44
148 44
149 43
150 44
151 43
152 42
153 43
154 44
155 45
156 44
157 44
158 43
159 42
160 42
161 43
162 44
163 43
164 43
165 42
166 43
167 42
168 43
169 42
170 43
171 44
172 45
173 44
174 45
175 46
176 47
177 48
178 47
179 48
180 49
181 48
182 47
183 48
184 48
185 49
186 48
187 49
188 50
189 51
190 50
191 50
192 51
193 50
194 49
195 48
196 47
197 48
198 48
199 49
200 50
201 49
202 49
203 48
204 49
205 48
206 49
207 50
208 50
209 51
210 51
211 50
212 51
213 51
214 52
215 53
216 54
217 53
218 52
219 51
220 52
221 52
222 52
223 53
224 54
225 55
226 55
227 56
228 56
229 57
230 57
231 56
232 57
233 56
234 57
235 58
236 58
237 59
238 59
239 59
240 59
241 60
242 61
243 60
244 61
245 61
246 60
247 61
248 60
249 61
250 62
251 62
252 62
253 63
254 62
255 63
256 63
257 63
258 62
259 63
260 63
261 64
262 65
263 64
264 65
265 65
266 66
267 67
268 67
269 67
270 67
271 68
272 69
273 70
274 71
275 71
276 71
277 71
278 72
279 72
280 73
281 74
282 75
283 76
284 76
285 76
286 76
287 77
288 77
289 77
290 78
291 78
292 78
293 78
294 78
295 78
296 78
297 78
298 78
299 79
300 79
301 79
302 80
303 80
304 81
305 81
306 81
307 81
308 81
309 81
310 81
311 81
312 81
313 81
314 82
315 82
316 82
317 82
318 83
319 83
320 83
321 83
322 83
323 83
324 83
325 83
326 83
327 83
328 83
329 83
330 83
331 83
332 83
333 83
334 83
335 83
336 83
337 83
338 83
339 84
340 84
341 84
342 84
343 84
344 84
345 84
346 84
347 84
348 84
349 84
350 84
351 84
352 85
353 85
354 85
355 86
356 86
357 86
358 86
359 86
360 87
361 87
362 87
363 88
364 88
365 88
366 89
367 89
368 89
369 89
370 89
371 89
372 89
373 89
374 90
375 90
376 90
377 91
378 91
379 91
380 91
381 91
382 91
383 91
384 91
385 91
386 91
387 91
388 91
389 91
390 91
391 91
392 91
393 92
394 92
395 92
396 92
397 92
398 92
399 92
400 92
401 92
402 92
403 92
404 92
405 92
406 92
407 92
408 92
409 92
410 92
411 92
412 92
413 92
414 92
415 92
416 92
417 92
418 92
419 92
420 92
421 92
422 92
423 92
424 92
425 92
426 92
427 92
428 92
429 92
430 92
431 93
432 93
433 93
434 93
435 94
436 94
437 94
438 94
439 95
440 95
441 95
442 95
443 95
444 95
445 95
446 95
447 95
448 95
449 95
450 95
451 95
452 95
453 95
454 95
455 95
456 95
457 95
458 95
459 95
460 95
461 95
462 96
463 96
464 96
465 96
466 96
467 96
468 96
469 96
470 96
471 96
472 96
473 96
474 96
475 96
476 96
477 96
478 96
479 96
480 96
481 96
482 96
483 96
484 96
485 96
486 96
487 96
488 96
489 96
490 96
491 96
492 96
493 96
494 96
495 96
496 96
497 96
498 96
499 96
500 96
501 96
502 96
503 96
504 96
505 96
506 96
507 96
508 96
509 96
510 96
511 96
512 96
513 96
514 96
515 96
516 96
517 97
518 97
519 97
520 97
521 97
522 97
523 97
524 97
525 97
526 97
527 97
528 97
529 97
530 98
531 98
532 98
533 98
534 98
535 98
536 98
537 98
538 98
539 98
540 98
541 98
542 98
543 98
544 98
545 98
546 98
547 98
548 98
549 98
550 98
551 98
552 98
553 98
554 98
555 98
556 98
557 98
558 98
559 98
560 98
561 98
562 98
563 98
564 98
565 98
566 98
567 98
568 98
569 98
570 98
571 98
572 98
573 98
574 98
575 98
576 98
577 98
578 98
579 98
580 98
581 98
582 98
583 98
584 98
585 98
586 98
587 98
588 98
589 98
590 98
591 98
592 98
593 98
594 98
595 98
596 98
597 98
598 98
599 98
600 98
601 98
602 98
603 98
604 98
605 98
606 98
607 98
608 98
609 98
610 98
611 98
612 98
613 98
614 98
615 98
616 98
617 98
618 98
619 98
620 98
621 98
622 98
623 98
624 98
625 98
626 98
627 98
628 98
629 98
630 98
631 98
632 98
633 98
634 98
635 98
636 98
637 98
638 98
639 98
640 98
641 98
642 98
643 98
644 98
645 98
646 98
647 98
648 98
649 98
650 98
651 98
652 98
653 98
654 98
655 98
656 98
657 98
658 98
659 98
660 99
661 99
662 99
663 99
664 99
665 99
666 99
667 99
668 99
669 99
670 99
671 99
672 99
673 99
674 99
675 99
676 99
677 99
678 99
679 99
680 99
681 99
682 99
683 99
684 99
685 99
686 99
687 99
688 99
689 99
690 99
691 99
692 99
693 99
694 99
695 100
696 100
697 100
698 100
699 100
700 100
701 100
702 100
703 100
704 100
705 100
706 100
707 100
708 100
709 100
710 100
711 100
712 100
713 100
714 100
715 100
716 100
717 100
718 100
719 100
720 100
721 100
722 100
723 100
724 100
725 100
726 100
727 100
728 100
729 100
730 100
731 100
732 100
733 100
734 100
735 100
736 100
737 100
738 100
739 100
740 100
741 100
742 100
743 100
744 100
745 100
746 100
747 100
748 100
749 100
750 100
751 100
752 100
753 100
754 100
755 100
756 100
757 100
758 100
759 100
760 100
761 100
762 100
763 100
764 100
765 100
766 100
767 100
768 100
769 100
770 100
771 100
772 100
773 100
774 100
775 100
776 100
777 100
778 100
779 100
780 100
781 100
782 100
783 100
784 100
785 100
786 100
787 100
788 100
789 100
790 100
791 100
792 100
793 100
794 100
795 100
796 100
797 100
798 100
799 100
800 100
801 100
802 100
803 100
804 100
805 100
806 100
807 100
808 100
809 100
810 100
811 100
812 100
813 100
814 100
815 100
816 100
817 100
818 100
819 100
820 100
821 100
822 100
823 100
824 100
825 100
826 100
827 100
828 100
829 100
830 100
831 100
832 100
833 100
834 100
835 100
836 100
837 100
838 100
839 100
840 100
841 100
842 100
843 100
844 100
845 100
846 100
847 100
848 100
849 100
850 100
851 100
852 100
853 100
854 100
855 100
856 100
857 100
858 100
859 100
860 100
861 100
862 100
863 100
864 100
865 100
866 100
867 100
868 100
869 100
870 100
871 100
872 100
873 100
874 100
875 100
876 100
877 100
878 100
879 100
880 100
881 100
882 100
883 100
884 100
885 100
886 100
887 100
888 100
889 100
890 100
891 100
892 100
893 100
894 100
895 100
896 100
897 100
898 100
899 100
900 100
901 100
902 100
903 100
904 100
905 100
906 100
907 100
908 100
909 100
910 100
911 100
912 100
913 100
914 100
915 100
916 100
917 100
918 100
919 100
920 100
921 100
922 100
923 100
924 100
925 100
926 100
927 100
928 100
929 100
930 100
931 100
932 100
933 100
934 100
935 100
936 100
937 100
938 100
939 100
940 100
941 100
942 100
943 100
944 100
945 100
946 100
947 100
948 100
949 100
950 100
951 100
952 100
953 100
954 100
955 100
956 100
957 100
958 100
959 100
960 100
961 100
962 100
963 100
964 100
965 100
966 100
967 100
968 100
969 100
970 100
971 100
972 100
973 100
974 100
975 100
976 100
977 100
978 100
979 100
980 100
981 100
982 100
983 100
984 100
985 100
986 100
987 100
988 100
989 100
990 100
991 100
992 100
993 100
994 100
995 100
996 100
997 100
998 100
999 100
1000 100
